   0.0000000000000000        1.0000000000000000     
   1.0000000000000000E-002  0.99980000666657776     
   2.0000000000000000E-002  0.99920010666097792     
   2.9999999999999999E-002  0.99820053993520419     
   4.0000000000000001E-002  0.99680170630261944     
   5.0000000000000003E-002  0.99500416527802582     
   5.9999999999999998E-002  0.99280863585386625     
   7.0000000000000007E-002  0.99021599621263712     
   8.0000000000000002E-002  0.98722728337562693     
   8.9999999999999997E-002  0.98384369278812145     
  0.10000000000000001       0.98006657784124163     
  0.11000000000000000       0.97589744933060552     
  0.12000000000000000       0.97133797485202966     
  0.13000000000000000       0.96638997813451322     
  0.14000000000000001       0.96105543831077089     
  0.14999999999999999       0.95533648912560598     
  0.16000000000000000       0.94923541808244083     
  0.17000000000000001       0.94275466552834619     
  0.17999999999999999       0.93589682367793481     
  0.19000000000000000       0.92866463557651024     
  0.20000000000000001       0.92106099400288510     
  0.20999999999999999       0.91308894031230825     
  0.22000000000000000       0.90475166321996336     
  0.23000000000000001       0.89605249752552518     
  0.23999999999999999       0.88699492277928416     
  0.25000000000000000       0.87758256189037276     
  0.26000000000000001       0.86781917967764988     
  0.27000000000000002       0.85770868136382417     
  0.28000000000000003       0.84725511101341611     
  0.28999999999999998       0.83646264991518693     
  0.29999999999999999       0.82533561490967833     
  0.31000000000000000       0.81387845666253389     
  0.32000000000000001       0.80209575788429266     
  0.33000000000000002       0.78999223149736508     
  0.34000000000000002       0.77757271875092793     
  0.35000000000000003       0.76484218728448838     
  0.35999999999999999       0.75180572914089505     
  0.37000000000000000       0.73846855872958794     
  0.38000000000000000       0.72483601074090520     
  0.39000000000000001       0.71091353801227730     
  0.40000000000000002       0.69670670934716539     
  0.41000000000000003       0.68222120728761348     
  0.41999999999999998       0.66746282584130812     
  0.42999999999999999       0.65243746816405190     
  0.44000000000000000       0.63715114419858021     
  0.45000000000000001       0.62160996827066439     
  0.46000000000000002       0.60582015664346278     
  0.47000000000000003       0.58978802503109817     
  0.47999999999999998       0.57351998607245669     
  0.48999999999999999       0.55702254676621732     
  0.50000000000000000       0.54030230586813977     
  0.51000000000000001       0.52336595125164953     
  0.52000000000000002       0.50622025723277841     
  0.53000000000000003       0.48887208186052750     
  0.54000000000000004       0.47132836417373997     
  0.55000000000000004       0.45359612142557731     
  0.56000000000000005       0.43568244627671210     
  0.57000000000000006       0.41759450395835795     
  0.57999999999999996       0.39933952940627321     
  0.58999999999999997       0.38092482436688185     
  0.59999999999999998       0.36235775447667362     
  0.60999999999999999       0.34364574631604705     
  0.62000000000000000       0.32479628443877623     
  0.63000000000000000       0.30581690837828934     
  0.64000000000000001       0.28671520963195551     
  0.65000000000000002       0.26749882862458735     
  0.66000000000000003       0.24817545165237290     
  0.67000000000000004       0.22875280780845939     
  0.68000000000000005       0.20923866589141926     
  0.69000000000000006       0.18964083129783424     
  0.70000000000000007       0.16996714290024081     
  0.70999999999999996       0.15022546991168584     
  0.71999999999999997       0.13042370873814554     
  0.72999999999999998       0.11056977982006959     
  0.73999999999999999        9.0671624464309680E-002
  0.75000000000000000        7.0737201667702906E-002
  0.76000000000000001        5.0774484933579181E-002
  0.77000000000000002        3.0791459082466121E-002
  0.78000000000000003        1.0796117058267392E-002
  0.79000000000000004       -9.2035432688083365E-003
  0.80000000000000004       -2.9199522301288815E-002
  0.81000000000000005       -4.9183821914170554E-002
  0.82000000000000006       -6.9148448654062167E-002
  0.83000000000000007       -8.9085416936459189E-002
  0.83999999999999997      -0.10898675223987112     
  0.84999999999999998      -0.12884449429552464     
  0.85999999999999999      -0.14865070027136365     
  0.87000000000000000      -0.16839744794907702     
  0.88000000000000000      -0.18807683889288010     
  0.89000000000000001      -0.20768100160878381     
  0.90000000000000002      -0.22720209469308711     
  0.91000000000000003      -0.24663230996883403     
  0.92000000000000004      -0.26596387560898038     
  0.93000000000000005      -0.28518905924502086     
  0.94000000000000006      -0.30430017105983342     
  0.95000000000000007      -0.32328956686350357     
  0.95999999999999996      -0.34214965115089818     
  0.96999999999999997      -0.36087288013976715     
  0.97999999999999998      -0.37945176478815451     
  0.98999999999999999      -0.39787887378991599     
   1.0000000000000000      -0.41614683654714241     
   1.0100000000000000      -0.43424834611830049     
   1.0200000000000000      -0.45217616214091194     
   1.0300000000000000      -0.46992311372760220     
   1.0400000000000000      -0.48748210233435940     
   1.0500000000000000      -0.50484610459985757     
   1.0600000000000001      -0.52200817515470732     
   1.0700000000000001      -0.53896144939951152     
   1.0800000000000001      -0.55569914625061267     
   1.0900000000000001      -0.57221457085243688     
   1.1000000000000001      -0.58850111725534582     
   1.1100000000000001      -0.60455227105792964     
   1.1200000000000001      -0.62036161201267981     
   1.1300000000000001      -0.63592281659400274     
   1.1400000000000001      -0.65122966052754594     
   1.1500000000000001      -0.66627602127982444     
   1.1599999999999999      -0.68105588050715249     
   1.1699999999999999      -0.69556332646290209     
   1.1799999999999999      -0.70979255636212046     
   1.1899999999999999      -0.72373787870256856     
   1.2000000000000000      -0.73739371554124544     
   1.2100000000000000      -0.75075460472549094     
   1.2200000000000000      -0.76381520207777409     
   1.2300000000000000      -0.77657028353329305     
   1.2400000000000000      -0.78901474722953113     
   1.2500000000000000      -0.80114361554693370     
   1.2600000000000000      -0.81295203709988995     
   1.2700000000000000      -0.82443528867722227     
   1.2800000000000000      -0.83558877713140767     
   1.2900000000000000      -0.84640804121577562     
   1.3000000000000000      -0.85688875336894732     
   1.3100000000000001      -0.86702672144580240     
   1.3200000000000001      -0.87681789039428149     
   1.3300000000000001      -0.88625834387735203     
   1.3400000000000001      -0.89534430583949209     
   1.3500000000000001      -0.90407214201706121     
   1.3600000000000001      -0.91243836139195800     
   1.3700000000000001      -0.92043961758798065     
   1.3800000000000001      -0.92807271020933269     
   1.3900000000000001      -0.93533458612073883     
   1.4000000000000001      -0.94222234066865829     
   1.4099999999999999      -0.94873321884310702     
   1.4199999999999999      -0.95486461637962639     
   1.4299999999999999      -0.96061408080095223     
   1.4399999999999999      -0.96597931239797474     
   1.4500000000000000      -0.97095816514959055     
   1.4600000000000000      -0.97554864758108262     
   1.4700000000000000      -0.97974892356068422     
   1.4800000000000000      -0.98355731303400640     
   1.4900000000000000      -0.98697229269603759     
   1.5000000000000000      -0.98999249660044542     
   1.5100000000000000      -0.99261671670593710     
   1.5200000000000000      -0.99484390335945949     
   1.5300000000000000      -0.99667316571604658     
   1.5400000000000000      -0.99810377209514567     
   1.5500000000000000      -0.99913515027327948     
   1.5600000000000001      -0.99976688771292832     
   1.5700000000000001      -0.99999873172753950     
   1.5800000000000001      -0.99983058958259829     
   1.5900000000000001      -0.99926252853272091     
   1.6000000000000001      -0.99829477579475312     
   1.6100000000000001      -0.99692771845688688     
   1.6200000000000001      -0.99516190332383037     
   1.6300000000000001      -0.99299803669809261     
   1.6400000000000001      -0.99043698409747305     
   1.6500000000000001      -0.98747976990886488     
   1.6600000000000001      -0.98412757697851450     
   1.6699999999999999      -0.98038174613889884     
   1.6799999999999999      -0.97624377567240994     
   1.6899999999999999      -0.97171532071206212     
   1.7000000000000000      -0.96679819257946109     
   1.7100000000000000      -0.96149435806029881     
   1.7200000000000000      -0.95580593861766638     
   1.7300000000000000      -0.94973520954349622     
   1.7400000000000000      -0.94328459904847584     
   1.7500000000000000      -0.93645668729079634     
   1.7600000000000000      -0.92925420534412329     
   1.7700000000000000      -0.92168003410520338     
   1.7800000000000000      -0.91373720314154472     
   1.7900000000000000      -0.90542888947962963     
   1.8000000000000000      -0.89675841633414699     
   1.8100000000000001      -0.88772925177875006     
   1.8200000000000001      -0.87834500735887400     
   1.8300000000000001      -0.86860943664716483     
   1.8400000000000001      -0.85852643374210169     
   1.8500000000000001      -0.84810003171040804     
   1.8600000000000001      -0.83733440097388001     
   1.8700000000000001      -0.82623384764127217     
   1.8800000000000001      -0.81480281178591230     
   1.8900000000000001      -0.80304586566973057     
   1.9000000000000001      -0.79096771191441650     
   1.9100000000000001      -0.77857318162043221     
   1.9199999999999999      -0.76586723243463739     
   1.9299999999999999      -0.75285494656729535     
   1.9399999999999999      -0.73954152875925849     
   1.9500000000000000      -0.72593230420014021     
   1.9600000000000000      -0.71203271639831012     
   1.9700000000000000      -0.69784832500356375     
   1.9800000000000000      -0.68338480358333620     
   1.9900000000000000      -0.66864793735335126     
   2.0000000000000000      -0.65364362086361194     
   2.0100000000000002      -0.63837785564065885     
   2.0200000000000000      -0.62285674778704148     
   2.0300000000000002      -0.60708650553895449     
   2.0400000000000000      -0.59107343678303137     
   2.0499999999999998      -0.57482394653326918     
   2.0600000000000001      -0.55834453436911002     
   2.0699999999999998      -0.54164179183569860     
   2.0800000000000001      -0.52472239980734636     
   2.0899999999999999      -0.50759312581527727     
   2.1000000000000001      -0.49026082134069943     
   2.1099999999999999      -0.47273241907430985     
   2.1200000000000001      -0.45501493014330469     
   2.1299999999999999      -0.43711544130702784     
   2.1400000000000001      -0.41904111212235556     
   2.1499999999999999      -0.40079917207997545     
   2.1600000000000001      -0.38239691771268025     
   2.1699999999999999      -0.36384170967685842     
   2.1800000000000002      -0.34514096980832309     
   2.1899999999999999      -0.32630217815368351     
   2.2000000000000002      -0.30733286997841935     
   2.2100000000000000      -0.28824063275288159     
   2.2200000000000002      -0.26903310311739903     
   2.2300000000000000      -0.24971796382773062     
   2.2400000000000002      -0.23030294068205867     
   2.2500000000000000      -0.21079579943077970     
   2.2600000000000002      -0.19120434267030076     
   2.2700000000000000      -0.17153640672211179     
   2.2800000000000002      -0.15179985849835470     
   2.2900000000000000      -0.13200259235517026     
   2.3000000000000003      -0.11215252693505398     
   2.3100000000000001       -9.2257601999511663E-002
   2.3199999999999998       -7.2325775253254482E-002
   2.3300000000000001       -5.2365019161225934E-002
   2.3399999999999999       -3.2383317759724729E-002
   2.3500000000000001       -1.2388663462890560E-002
   2.3599999999999999        7.6109461341479024E-003
   2.3700000000000001        2.7607511454211520E-002
   2.3799999999999999        4.7593034137787815E-002
   2.3900000000000001        6.7559520242275198E-002
   2.3999999999999999        8.7498983439446398E-002
   2.4100000000000001       0.10740344820988024     
   2.4199999999999999       0.12726495303305616     
   2.4300000000000002       0.14707555357186311     
   2.4399999999999999       0.16682732585022170     
   2.4500000000000002       0.18651236942257576     
   2.4600000000000000       0.20612281053395834     
   2.4700000000000002       0.22565080526939571     
   2.4800000000000000       0.24508854269136174     
   2.4900000000000002       0.26442824796405578     
   2.5000000000000000       0.28366218546322625     
   2.5100000000000002       0.30278266187032438     
   2.5200000000000000       0.32178202924972182     
   2.5300000000000002       0.34065268810779009     
   2.5400000000000000       0.35938709043258971     
   2.5500000000000003       0.37797774271298107     
   2.5600000000000001       0.39641720893592247     
   2.5699999999999998       0.41469811356078179     
   2.5800000000000001       0.43281314446945207     
   2.5899999999999999       0.45075505589109877     
   2.6000000000000001       0.46851667130037711     
   2.6099999999999999       0.48609088628794017     
   2.6200000000000001       0.50347067140211421     
   2.6299999999999999       0.52064907496057944     
   2.6400000000000001       0.53761922583095634     
   2.6499999999999999       0.55437433617916076     
   2.6600000000000001       0.57090770418445358     
   2.6699999999999999       0.58721271672007314     
   2.6800000000000002       0.60328285199840392     
   2.6899999999999999       0.61911168217959867     
   2.7000000000000002       0.63469287594263468     
   2.7100000000000000       0.65002020101775171     
   2.7200000000000002       0.66508752667928284     
   2.7300000000000000       0.67988882619785707     
   2.7400000000000002       0.69441817925101623     
   2.7500000000000000       0.70866977429125999     
   2.7600000000000002       0.72263791087059226     
   2.7700000000000000       0.73631700192061922     
   2.7800000000000002       0.74970157598730780     
   2.7900000000000000       0.76278627941948851     
   2.8000000000000003       0.77556587851025016     
   2.8100000000000001       0.78803526159034765     
   2.8199999999999998       0.80018944107280565     
   2.8300000000000001       0.81202355544788551     
   2.8399999999999999       0.82353287122762198     
   2.8500000000000001       0.83471278483915978     
   2.8599999999999999       0.84555882446611685     
   2.8700000000000001       0.85606665183725528     
   2.8799999999999999       0.86623206396172825     
   2.8900000000000001       0.87605099481022375     
   2.8999999999999999       0.88551951694131892     
   2.9100000000000001       0.89463384307240745     
   2.9199999999999999       0.90339032759455884     
   2.9300000000000002       0.91178546803071658     
   2.9399999999999999       0.91981590643663913     
   2.9500000000000002       0.92747843074403591     
   2.9600000000000000       0.93476997604534895     
   2.9700000000000002       0.94168762581967758     
   2.9800000000000000       0.94822861309934581     
   2.9900000000000002       0.95439032157665404     
   3.0000000000000000       0.96017028665036597     
   3.0100000000000002       0.96556619641151786     
   3.0200000000000000       0.97057589256814925     
   3.0300000000000002       0.97519737130859285     
   3.0400000000000000       0.97942878410297107     
   3.0500000000000003       0.98326843844258471     
   3.0600000000000001       0.98671479851689214     
   3.0700000000000003       0.98976648582781479     
   3.0800000000000001       0.99242227974111685     
   3.0899999999999999       0.99468111797464298     
   3.1000000000000001       0.99654209702321750     
   3.1099999999999999       0.99800447252003344     
   3.1200000000000001       0.99906765953439025     
   3.1299999999999999       0.99973123280565779     
   3.1400000000000001       0.99999492691337521     
   3.1499999999999999       0.99985863638341510     
   3.1600000000000001       0.99932241573017244     
   3.1699999999999999       0.99838647943475889     
   3.1800000000000002       0.99705120185921370     
   3.1899999999999999       0.99531711709676352     
   3.2000000000000002       0.99318491875819259     
   3.2100000000000000       0.99065545969440749     
   3.2200000000000002       0.98772975165530785     
   3.2300000000000000       0.98440896488510066     
   3.2400000000000002       0.98069442765421722     
   3.2500000000000000       0.97658762572802349     
   3.2600000000000002       0.97209020177253314     
   3.2700000000000000       0.96720395469736387     
   3.2800000000000002       0.96193083893619624     
   3.2900000000000000       0.95627296366502779     
   3.3000000000000003       0.95023259195852927     
   3.3100000000000001       0.94381213988484669     
   3.3200000000000003       0.93701417553920385     
   3.3300000000000001       0.92984141801670139     
   3.3399999999999999       0.92229673632471254     
   3.3500000000000001       0.91438314823531941     
   3.3599999999999999       0.90610381907824511     
   3.3700000000000001       0.89746206047476240     
   3.3799999999999999       0.88846132901309149     
   3.3900000000000001       0.87910522486580800     
   3.3999999999999999       0.86939749034982527     
   3.4100000000000001       0.85934200842951414     
   3.4199999999999999       0.84894280116357246     
   3.4300000000000002       0.83820402809625116     
   3.4399999999999999       0.82712998459359666     
   3.4500000000000002       0.81572510012535682     
   3.4600000000000000       0.80399393649325712     
   3.4700000000000002       0.79194118600633578     
   3.4800000000000000       0.77957166960408752     
   3.4900000000000002       0.76689033492814740     
   3.5000000000000000       0.75390225434330460     
   3.5100000000000002       0.74061262290862007     
   3.5200000000000000       0.72702675629947588     
   3.5300000000000002       0.71315008868137220     
   3.5400000000000000       0.69898817053633766     
   3.5500000000000003       0.68454666644280593     
   3.5600000000000001       0.66983135280986494     
   3.5700000000000003       0.65484811556676492     
   3.5800000000000001       0.63960294780863070     
   3.5899999999999999       0.62410194739929870     
   3.6000000000000001       0.60835131453225455     
   3.6099999999999999       0.59235734925064087     
   3.6200000000000001       0.57612644892731901     
   3.6299999999999999       0.55966510570601047     
   3.6400000000000001       0.54297990390452067     
   3.6499999999999999       0.52607751738110531     
   3.6600000000000001       0.50896470686501016     
   3.6699999999999999       0.49164831725227542     
   3.6800000000000002       0.47413527486786244     
   3.6899999999999999       0.45643258469522252     
   3.7000000000000002       0.43854732757439036     
   3.7100000000000000       0.42048665736974894     
   3.7200000000000002       0.40225779810857282     
   3.7300000000000000       0.38386804109151995     
   3.7400000000000002       0.36532474197620191     
   3.7500000000000000       0.34663531783502582     
   3.7600000000000002       0.32780724418845752     
   3.7700000000000000       0.30884805201491966     
   3.7800000000000002       0.28976532473849409     
   3.7900000000000000       0.27056669519566012     
   3.8000000000000003       0.25125984258225487     
   3.8100000000000001       0.23185248938190414     
   3.8200000000000003       0.21235239827712510     
   3.8300000000000001       0.19276736904436365     
   3.8399999999999999       0.17310523543418174     
   3.8500000000000001       0.15337386203786435     
   3.8599999999999999       0.13358114114169023     
   3.8700000000000001       0.11373498957011671     
   3.8799999999999999        9.3843345519162319E-002
   3.8900000000000001        7.3914165381227304E-002
   3.8999999999999999        5.3955420562649750E-002
   3.9100000000000001        3.3975094295242265E-002
   3.9199999999999999        1.3981178443112786E-002
   3.9300000000000002       -6.0183296939815972E-003
   3.9399999999999999       -2.6015430579440828E-002
   3.9500000000000002       -4.6002125639536949E-002
   3.9600000000000000       -6.5970420462729870E-002
   3.9700000000000002       -8.5912327997332463E-002
   3.9800000000000000      -0.10581987174621767     
   3.9900000000000002      -0.12568508895731809     
   4.0000000000000000      -0.14550003380861354     
   4.0099999999999998      -0.16525678058636012     
   4.0200000000000005      -0.18494742685526827     
   4.0300000000000002      -0.20456409661936539     
   4.0400000000000000      -0.22409894347229967     
   4.0499999999999998      -0.24354415373579111     
   4.0600000000000005      -0.26289194958500206     
   4.0700000000000003      -0.28213459215955655     
   4.0800000000000001      -0.30126438465899158     
   4.0899999999999999      -0.32027367542136798     
   4.0999999999999996      -0.33915486098383452     
   4.1100000000000003      -0.35790038912391375     
   4.1200000000000001      -0.37650276188028331     
   4.1299999999999999      -0.39495453855187063     
   4.1399999999999997      -0.41324833867402755     
   4.1500000000000004      -0.43137684497062079     
   4.1600000000000001      -0.44933280628083883     
   4.1699999999999999      -0.46710904045956869     
   4.1799999999999997      -0.48469843725015221     
   4.1900000000000004      -0.50209396112839688     
   4.2000000000000002      -0.51928865411668557     
   4.2100000000000000      -0.53627563856708405     
   4.2199999999999998      -0.55304811991230207     
   4.2300000000000004      -0.56959938938343335     
   4.2400000000000002      -0.58592282669336704     
   4.2500000000000000      -0.60201190268482363     
   4.2599999999999998      -0.61786018194192460     
   4.2700000000000005      -0.63346132536427613     
   4.2800000000000002      -0.64880909270251885     
   4.2900000000000000      -0.66389734505435327     
   4.2999999999999998      -0.67872004732001245     
   4.3100000000000005      -0.69327127061622495     
   4.3200000000000003      -0.70754519464768328     
   4.3300000000000001      -0.72153611003509277     
   4.3399999999999999      -0.73523842059884137     
   4.3500000000000005      -0.74864664559739991     
   4.3600000000000003      -0.76175542191954038     
   4.3700000000000001      -0.77455950622951664     
   4.3799999999999999      -0.78705377706432356     
   4.3899999999999997      -0.79923323688221515     
   4.4000000000000004      -0.81109301406165601     
   4.4100000000000001      -0.82262836484990043     
   4.4199999999999999      -0.83383467526043686     
   4.4299999999999997      -0.84470746291851662     
   4.4400000000000004      -0.85524237885404586     
   4.4500000000000002      -0.86543520924111228     
   4.4600000000000000      -0.87528187708346450     
   4.4699999999999998      -0.88477844384525273     
   4.4800000000000004      -0.89392111102639238     
   4.4900000000000002      -0.90270622168190984     
   4.5000000000000000      -0.91113026188467694     
   4.5099999999999998      -0.91918986213093179     
   4.5200000000000005      -0.92688179868803644     
   4.5300000000000002      -0.93420299488392433     
   4.5400000000000000      -0.94115052233773244     
   4.5499999999999998      -0.94772160213111190     
   4.5600000000000005      -0.95391360591975893     
   4.5700000000000003      -0.95972405698471608     
   4.5800000000000001      -0.96515063122302946     
   4.5899999999999999      -0.97019115807735723     
   4.6000000000000005      -0.97484362140416403     
   4.6100000000000003      -0.97910616028015029     
   4.6200000000000001      -0.98297706974659937     
   4.6299999999999999      -0.98645480149133602     
   4.6399999999999997      -0.98953796446803144     
   4.6500000000000004      -0.99222532545260345     
   4.6600000000000001      -0.99451580953648888     
   4.6699999999999999      -0.99640850055659369     
   4.6799999999999997      -0.99790264146174534     
   4.6900000000000004      -0.99899763461550362     
   4.7000000000000002      -0.99969304203520648     
   4.7100000000000000      -0.99998858556715808     
   4.7199999999999998      -0.99988414699788619     
   4.7300000000000004      -0.99937976810142604     
   4.7400000000000002      -0.99847565062261112     
   4.7500000000000000      -0.99717215619637845     
   4.7599999999999998      -0.99546980620311876     
   4.7700000000000005      -0.99336928156013138     
   4.7800000000000002      -0.99087142244926718     
   4.7900000000000000      -0.98797722798086618     
   4.7999999999999998      -0.98468785579412699     
   4.8100000000000005      -0.98100462159406610     
   4.8200000000000003      -0.97692899862525517     
   4.8300000000000001      -0.97246261708254045     
   4.8399999999999999      -0.96760726345898806     
   4.8500000000000005      -0.96236487983130969     
   4.8600000000000003      -0.95673756308306002     
   4.8700000000000001      -0.95072756406590786     
   4.8799999999999999      -0.94433728669932793     
   4.8899999999999997      -0.93756928700906417     
   4.9000000000000004      -0.93042627210475326     
   4.9100000000000001      -0.92291109909711933     
   4.9199999999999999      -0.91502677395516385     
   4.9299999999999997      -0.90677645030382059     
   4.9400000000000004      -0.89816342816254646     
   4.9500000000000002      -0.88919115262536086     
   4.9600000000000000      -0.87986321248284916     
   4.9699999999999998      -0.87018333878669729     
   4.9800000000000004      -0.86015540335731966     
   4.9900000000000002      -0.84978341723518580     
   5.0000000000000000      -0.83907152907645244     
   5.0099999999999998      -0.82802402349355975     
   5.0200000000000005      -0.81664531934144169     
   5.0300000000000002      -0.80493996795004708     
   5.0400000000000000      -0.79291265130386235     
   5.0499999999999998      -0.78056818016918372     
   5.0600000000000005      -0.76791149216987342     
   5.0700000000000003      -0.75494764981237950     
   5.0800000000000001      -0.74168183846079516     
   5.0899999999999999      -0.72811936426278590     
   5.1000000000000005      -0.71426565202719894     
   5.1100000000000003      -0.70012624305421745     
   5.1200000000000001      -0.68570679291890646     
   5.1299999999999999      -0.67101306920906312     
   5.1399999999999997      -0.65605094921825791     
   5.1500000000000004      -0.64082641759499326     
   5.1600000000000001      -0.62534556394893037     
   5.1699999999999999      -0.60961458041511762     
   5.1799999999999997      -0.59363975917722478     
   5.1900000000000004      -0.57742748995075099     
   5.2000000000000002      -0.56098425742722879     
   5.2100000000000000      -0.54431663868042612     
   5.2199999999999998      -0.52743130053560960     
   5.2300000000000004      -0.51033499690290107     
   5.2400000000000002      -0.49303456607580864     
   5.2500000000000000      -0.47553692799599251     
   5.2599999999999998      -0.45784908148538589     
   5.2700000000000005      -0.43997810144675648     
   5.2800000000000002      -0.42193113603384641     
   5.2900000000000000      -0.40371540379219634     
   5.2999999999999998      -0.38533819077182963     
   5.3100000000000005      -0.36680684761292665     
   5.3200000000000003      -0.34812878660567281     
   5.3300000000000001      -0.32931147872543204     
   5.3399999999999999      -0.31036245064446227     
   5.3500000000000005      -0.29128928172134383     
   5.3600000000000003      -0.27209960096934382     
   5.3700000000000001      -0.25280108400490248     
   5.3799999999999999      -0.23340144997749526     
   5.3899999999999997      -0.21390845848207493     
   5.4000000000000004      -0.19432990645533479     
   5.4100000000000001      -0.17467362505704512     
   5.4199999999999999      -0.15494747653768326     
   5.4299999999999997      -0.13515935109364513     
   5.4400000000000004      -0.11531716371126842     
   5.4500000000000002       -9.5428851000950651E-002
   5.4600000000000000       -7.5502368022600228E-002
   5.4699999999999998       -5.5545685103725581E-002
   5.4800000000000004       -3.5566784651406926E-002
   5.4900000000000002       -1.5573657959446959E-002
   5.5000000000000000        4.4256979880507854E-003
   5.5099999999999998        2.4423283715361829E-002
   5.5200000000000005        4.4411100454827941E-002
   5.5300000000000002        6.4381153346250469E-002
   5.5400000000000000        8.4325454634738409E-002
   5.5499999999999998       0.10423602686569687     
   5.5600000000000005       0.12410490607570598     
   5.5700000000000003       0.14392414497799308     
   5.5800000000000001       0.16368581614125197     
   5.5899999999999999       0.18338201516050281     
   5.6000000000000005       0.20300486381875213     
   5.6100000000000003       0.22254651323816765     
   5.6200000000000001       0.24199914701953518     
   5.6299999999999999       0.26135498436870719     
   5.6399999999999997       0.28060628320881836     
   5.6500000000000004       0.29974534327701491     
   5.6600000000000001       0.31876450920445026     
   5.6699999999999999       0.33765617357834060     
   5.6799999999999997       0.35641277998482196     
   5.6900000000000004       0.37502682603141801     
   5.7000000000000002       0.39349086634789088     
   5.7100000000000000       0.41179751556429955     
   5.7199999999999998       0.42993945126504285     
   5.7300000000000004       0.44790941691773128     
   5.7400000000000002       0.46570022477569695     
   5.7500000000000000       0.48330475875300588     
   5.7599999999999998       0.50071597727079120     
   5.7700000000000005       0.51792691607379371     
   5.7800000000000002       0.53493069101596524     
   5.7900000000000000       0.55172050081404467     
   5.7999999999999998       0.56828962976797359     
   5.8100000000000005       0.58463145044709086     
   5.8200000000000003       0.60073942634100996     
   5.8300000000000001       0.61660711447414485     
   5.8399999999999999       0.63222816798280868     
   5.8500000000000005       0.64759633865387733     
   5.8600000000000003       0.66270547942398572     
   5.8700000000000001       0.67754954683827973     
   5.8799999999999999       0.69212260346771193     
   5.8899999999999997       0.70641882028393554     
   5.9000000000000004       0.72043247899083873     
   5.9100000000000001       0.73415797431178265     
   5.9199999999999999       0.74758981623164433     
   5.9299999999999997       0.76072263219274472     
   5.9400000000000004       0.77355116924380229     
   5.9500000000000002       0.78607029614103929     
   5.9600000000000000       0.79827500540061747     
   5.9699999999999998       0.81016041530156024     
   5.9800000000000004       0.82172177183837825     
   5.9900000000000002       0.83295445062260409     
   6.0000000000000000       0.84385395873249214     
   6.0099999999999998       0.85441593651012326     
   6.0200000000000005       0.86463615930521187     
   6.0300000000000002       0.87451053916490595     
   6.0400000000000000       0.88403512646891913     
   6.0499999999999998       0.89320611150932250     
   6.0600000000000005       0.90201982601437902     
   6.0700000000000003       0.91047274461579975     
   6.0800000000000001       0.91856148625884881     
   6.0899999999999999       0.92628281555471759     
   6.1000000000000005       0.93363364407463789     
   6.1100000000000003       0.94061103158521042     
   6.1200000000000001       0.94721218722446199     
   6.1299999999999999       0.95343447061815134     
   6.1400000000000006       0.95927539293588393     
   6.1500000000000004       0.96473261788660980     
   6.1600000000000001       0.96980396265311108     
   6.1699999999999999       0.97448739876509816     
   6.1799999999999997       0.97878105291057127     
   6.1900000000000004       0.98268320768512063     
   6.2000000000000002       0.98619230227886368     
   6.2100000000000000       0.98930693310075046     
   6.2199999999999998       0.99202585433998025     
   6.2300000000000004       0.99434797846430933     
   6.2400000000000002       0.99627237665504875     
   6.2500000000000000       0.99779827917858066     
   6.2599999999999998       0.99892507569424083     
   6.2700000000000005       0.99965231549844691     
   6.2800000000000002       0.99997970770497324     
   6.2900000000000000       0.99990712136130266     
   6.2999999999999998       0.99943458550100472     
   6.3100000000000005       0.99856228913212319     
   6.3200000000000003       0.99729058116157521     
   6.3300000000000001       0.99561997025559301     
   6.3399999999999999       0.99355112463626449     
   6.3500000000000005       0.99108487181425298     
   6.3600000000000003       0.98822219825780477     
   6.3700000000000001       0.98496424899817381     
   6.3799999999999999       0.98131232717162509     
   6.3900000000000006       0.97726789349819720     
   6.4000000000000004       0.97283256569743537     
   6.4100000000000001       0.96800811784132246     
   6.4199999999999999       0.96279647964467574     
   6.4299999999999997       0.95719973569328654     
   6.4400000000000004       0.95122012461011241     
   6.4500000000000002       0.94486003815986064     
   6.4600000000000000       0.93812202029231084     
   6.4699999999999998       0.93100876612477101     
   6.4800000000000004       0.92352312086406518     
   6.4900000000000002       0.91566807866849198     
   6.5000000000000000       0.90744678145019619     
   6.5099999999999998       0.89886251761844949     
   6.5200000000000005       0.88991872076432843     
   6.5300000000000002       0.88061896828732711     
   6.5400000000000000       0.87096697996444061     
   6.5499999999999998       0.86096661646230654     
   6.5600000000000005       0.85062187779298848     
   6.5700000000000003       0.83993690171402791     
   6.5800000000000001       0.82891596207339113     
   6.5899999999999999       0.81756346709999050     
   6.6000000000000005       0.80588395764044973     
   6.6100000000000003       0.79388210534282988     
   6.6200000000000001       0.78156271078802664     
   6.6299999999999999       0.76893070156960530     
   6.6400000000000006       0.75599113032282772     
   6.6500000000000004       0.74274917270366947     
   6.6600000000000001       0.72921012531862006     
   6.6699999999999999       0.71537940360611518     
   6.6799999999999997       0.70126253967043273     
   6.6900000000000004       0.68686518006892339     
   6.7000000000000002       0.67219308355346807     
   6.7100000000000000       0.65725211876704626     
   6.7199999999999998       0.64204826189636244     
   6.7300000000000004       0.62658759428144806     
   6.7400000000000002       0.61087629998321236     
   6.7500000000000000       0.59492066330989202     
   6.7599999999999998       0.57872706630341753     
   6.7700000000000005       0.56230198618667826     
   6.7800000000000002       0.54565199277272558     
   6.7900000000000000       0.52878374583692667     
   6.7999999999999998       0.51170399245314901     
   6.8100000000000005       0.49441956429501749     
   6.8200000000000003       0.47693737490334243     
   6.8300000000000001       0.45926441692078623     
   6.8399999999999999       0.44140775929490567     
   6.8500000000000005       0.42337454445066386     
   6.8600000000000003       0.40517198543356203     
   6.8700000000000001       0.38680736302450791     
   6.8799999999999999       0.36828802282760675     
   6.8900000000000006       0.34962137233201435     
   6.9000000000000004       0.33081487794904696     
   6.9100000000000001       0.31187606202570622     
   6.9199999999999999       0.29281249983584717     
   6.9299999999999997       0.27363181655016849     
   6.9400000000000004       0.25434168418624353     
   6.9500000000000002       0.23494981853982308     
   6.9600000000000000       0.21546397609860915     
   6.9699999999999998       0.19589195093977049     
   6.9800000000000004       0.17624157161241205     
   6.9900000000000002       0.15652069800626667     
   7.0000000000000000       0.13673721820783361     
   7.0099999999999998       0.11689904534525600     
   7.0200000000000005        9.7014114423171677E-002
   7.0300000000000002        7.7090379148824148E-002
   7.0400000000000000        5.7135808750675095E-002
   7.0499999999999998        3.7158384790826407E-002
   7.0600000000000005        1.7166097972498132E-002
   7.0700000000000003       -2.8330550561391095E-003
   7.0800000000000001       -2.2831074900527461E-002
   7.0899999999999999       -4.2819962619365874E-002
   7.1000000000000005       -6.2791722924083540E-002
   7.1100000000000003       -8.2738367376841593E-002
   7.1200000000000001      -0.10265191758581245     
   7.1299999999999999      -0.12252440839642297     
   7.1400000000000006      -0.14234789107731366     
   7.1500000000000004      -0.16211443649971827     
   7.1600000000000001      -0.18181613830901996     
   7.1699999999999999      -0.20144511608718091     
   7.1799999999999997      -0.22099351850480609     
   7.1900000000000004      -0.24045352646157200     
   7.2000000000000002      -0.25981735621375585     
   7.2100000000000000      -0.27907726248763942     
   7.2199999999999998      -0.29822554157750847     
   7.2300000000000004      -0.31725453442703577     
   7.2400000000000002      -0.33615662969279458     
   7.2500000000000000      -0.35492426678870498     
   7.2599999999999998      -0.37354993891016031     
   7.2700000000000005      -0.39202619603665267     
   7.2800000000000002      -0.41034564791167505     
   7.2900000000000000      -0.42850096699873502     
   7.2999999999999998      -0.44648489141226561     
   7.3100000000000005      -0.46429022782228541     
   7.3200000000000003      -0.48190985433162847     
   7.3300000000000001      -0.49933672332461798     
   7.3399999999999999      -0.51656386428601186     
   7.3500000000000005      -0.53358438658911922     
   7.3600000000000003      -0.55039148225195300     
   7.3700000000000001      -0.56697842866034132     
   7.3799999999999999      -0.58333859125687704     
   7.3900000000000006      -0.59946542619465570     
   7.4000000000000004      -0.61535248295472078     
   7.4100000000000001      -0.63099340692619432     
   7.4199999999999999      -0.64638194194803078     
   7.4299999999999997      -0.66151193281139886     
   7.4400000000000004      -0.67637732772168535     
   7.4500000000000002      -0.69097218071912581     
   7.4600000000000000      -0.70529065405711833     
   7.4699999999999998      -0.71932702053723796     
   7.4800000000000004      -0.73307566580004302     
   7.4900000000000002      -0.74653109057073874     
   7.5000000000000000      -0.75968791285882131     
   7.5099999999999998      -0.77254087011079742     
   7.5200000000000005      -0.78508482131513802     
   7.5300000000000002      -0.79731474905860944     
   7.5400000000000000      -0.80922576153317904     
   7.5499999999999998      -0.82081309449266826     
   7.5600000000000005      -0.83207211315839014     
   7.5700000000000003      -0.84299831407299464     
   7.5800000000000001      -0.85358732690179751     
   7.5899999999999999      -0.86383491618085229     
   7.6000000000000005      -0.87373698301108105     
   7.6100000000000003      -0.88328956669777547     
   7.6200000000000001      -0.89248884633482806     
   7.6299999999999999      -0.90133114233303935     
   7.6400000000000006      -0.90981291789190644     
   7.6500000000000004      -0.91793078041429321     
   7.6600000000000001      -0.92568148286342822     
   7.6699999999999999      -0.93306192506167307     
   7.6799999999999997      -0.94006915493055299     
   7.6900000000000004      -0.94670036967154958     
   7.7000000000000002      -0.95295291688718031     
   7.7100000000000000      -0.95882429564192562     
   7.7199999999999998      -0.96431215746256771     
   7.7300000000000004      -0.96941430727754918     
   7.7400000000000002      -0.97412870429497089     
   7.7500000000000000      -0.97845346281888423     
   7.7599999999999998      -0.98238685300354223     
   7.7700000000000005      -0.98592730154531583     
   7.7800000000000002      -0.98907339231199320     
   7.7900000000000000      -0.99182386690921509     
   7.7999999999999998      -0.99417762518381514     
   7.8100000000000005      -0.99613372566386693     
   7.8200000000000003      -0.99769138593525875     
   7.8300000000000001      -0.99884998295465111     
   7.8399999999999999      -0.99960905329868366     
   7.8500000000000005      -0.99996829334933990     
   7.8600000000000003      -0.99992755941538913     
   7.8700000000000001      -0.99948686778986184     
   7.8799999999999999      -0.99864639474353256     
   7.8900000000000006      -0.99740647645441349     
   7.9000000000000004      -0.99576760887328852     
   7.9100000000000001      -0.99373044752533868     
   7.9199999999999999      -0.99129580724794131     
   7.9300000000000006      -0.98846466186474569     
   7.9400000000000004      -0.98523814379615748     
   7.9500000000000002      -0.98161754360638442     
   7.9600000000000000      -0.97760430948722810     
   7.9699999999999998      -0.97320004667882731     
   7.9800000000000004      -0.96840651682758205     
   7.9900000000000002      -0.96322563728152100     
   8.0000000000000000      -0.95765948032338466     
   8.0099999999999998      -0.95171027234174177     
   8.0199999999999996      -0.94538039294046328     
   8.0299999999999994      -0.93867237398691250     
   8.0400000000000009      -0.93158889859923044     
   8.0500000000000007      -0.92413280007312959     
   8.0600000000000005      -0.91630706074860591     
   8.0700000000000003      -0.90811481081704737     
   8.0800000000000001      -0.89955932706919806     
   8.0899999999999999      -0.89064403158448557     
   8.0999999999999996      -0.88137249036223464     
   8.1099999999999994      -0.87174841189531549     
   8.1200000000000010      -0.86177564568679343     
   8.1300000000000008      -0.85145818071018731     
   8.1400000000000006      -0.84080014381392143     
   8.1500000000000004      -0.82980579807064914     
   8.1600000000000001      -0.81847954107207832     
   8.1699999999999999      -0.80682590316999370     
   8.1799999999999997      -0.79484954566417643     
   8.1899999999999995      -0.78255525893794620     
   8.1999999999999993      -0.76994796054207171     
   8.2100000000000009      -0.75703269322781408     
   8.2200000000000006      -0.74381462292990219     
   8.2300000000000004      -0.73029903670021445     
   8.2400000000000002      -0.71649134059303732     
   8.2500000000000000      -0.70239705750271353     
   8.2599999999999998      -0.68802182495455788     
   8.2699999999999996      -0.67337139284992242     
   8.2799999999999994      -0.65845162116631251     
   8.2900000000000009      -0.64326847761347128     
   8.3000000000000007      -0.62782803524638597     
   8.3100000000000005      -0.61213647003613103     
   8.3200000000000003      -0.59620005839957235     
   8.3300000000000001      -0.58002517468888204     
   8.3399999999999999      -0.56361828864188201     
   8.3499999999999996      -0.54698596279423561     
   8.3599999999999994      -0.53013484985452053     
   8.3700000000000010      -0.51307169004323094     
   8.3800000000000008      -0.49580330839679165     
   8.3900000000000006      -0.47833661203761640     
   8.4000000000000004      -0.46067858741136253     
   8.4100000000000001      -0.44283629749244341     
   8.4199999999999999      -0.42481687895893255     
   8.4299999999999997      -0.40662753933798762     
   8.4399999999999995      -0.38827555412293580     
   8.4499999999999993      -0.36976826386317313     
   8.4600000000000009      -0.35111307122803964     
   8.4700000000000006      -0.33231743804586350     
   8.4800000000000004      -0.31338888231930906     
   8.4900000000000002      -0.29433497521828966     
   8.5000000000000000      -0.27516333805159693     
   8.5099999999999998      -0.25588163921847917     
   8.5199999999999996      -0.23649759114138369     
   8.5299999999999994      -0.21701894718109088     
   8.5400000000000009      -0.19745349853546951     
   8.5500000000000007      -0.17780907112311564     
   8.5600000000000005      -0.15809352245306854     
   8.5700000000000003      -0.13831473848192571     
   8.5800000000000001      -0.11848063045956207     
   8.5899999999999999       -9.8599131764735282E-002
   8.5999999999999996       -7.8678194731840151E-002
   8.6099999999999994       -5.8725787470080899E-002
   8.6200000000000010       -3.8749890676330119E-002
   8.6300000000000008       -1.8758494442970682E-002
   8.6400000000000006        1.2404049380560203E-003
   8.6500000000000004        2.1238808173646012E-002
   8.6600000000000001        4.1228716169146883E-002
   8.6699999999999999        6.1202133227888977E-002
   8.6799999999999997        8.1151070249357485E-002
   8.6899999999999995       0.10106754792472608     
   8.7000000000000011       0.12094359992847767     
   8.7100000000000009       0.14077127610481416     
   8.7200000000000006       0.16054264564763404     
   8.7300000000000004       0.18024980027273496     
   8.7400000000000002       0.19988485738102538     
   8.7500000000000000       0.21943996321145931     
   8.7599999999999998       0.23890729598243585     
   8.7699999999999996       0.25827906902040754     
   8.7799999999999994       0.27754753387444603     
   8.7900000000000009       0.29670498341552265     
   8.8000000000000007       0.31574375491924334     
   8.8100000000000005       0.33465623313085691     
   8.8200000000000003       0.35343485331124175     
   8.8300000000000001       0.37207210426270404     
   8.8399999999999999       0.39056053133335644     
   8.8499999999999996       0.40889273939887982     
   8.8599999999999994       0.42706139582047420     
   8.8700000000000010       0.44505923337781955     
   8.8800000000000008       0.46287905317585459     
   8.8900000000000006       0.48051372752425775     
   8.9000000000000004       0.49795620278841546     
   8.9100000000000001       0.51519950221078525     
   8.9199999999999999       0.53223672870150596     
   8.9299999999999997       0.54906106759714113     
   8.9399999999999995       0.56566578938645407     
   8.9500000000000011       0.58204425240212532     
   8.9600000000000009       0.59818990547731932     
   8.9700000000000006       0.61409629056608139     
   8.9800000000000004       0.62975704532645860     
   8.9900000000000002       0.64516590566535370     
   9.0000000000000000       0.66031670824408017     
   9.0099999999999998       0.67520339294361431     
   9.0199999999999996       0.68982000528856302     
   9.0299999999999994       0.70416069882887367     
   9.0400000000000009       0.71821973747833934     
   9.0500000000000007       0.73199149780894668     
   9.0600000000000005       0.74547047130018695     
   9.0700000000000003       0.75865126654238102     
   9.0800000000000001       0.77152861139317341     
   9.0899999999999999       0.78409735508631950     
   9.0999999999999996       0.79635247029192313     
   9.1099999999999994       0.80828905512730143     
   9.1200000000000010       0.81990233511767452     
   9.1300000000000008       0.83118766510588382     
   9.1400000000000006       0.84214053111040521     
   9.1500000000000004       0.85275655213087320     
   9.1600000000000001       0.86303148190042456     
   9.1699999999999999       0.87296121058414877     
   9.1799999999999997       0.88254176642296700     
   9.1899999999999995       0.89176931732228260     
   9.2000000000000011       0.90064017238477001     
   9.2100000000000009       0.90915078338667732     
   9.2200000000000006       0.91729774619707893     
   9.2300000000000004       0.92507780213947521     
   9.2400000000000002       0.93248783929522194     
   9.2500000000000000       0.93952489374825598     
   9.2599999999999998       0.94618615077062229     
   9.2699999999999996       0.95246894594832754     
   9.2799999999999994       0.95837076624707007     
   9.2900000000000009       0.96388925101742129     
   9.3000000000000007       0.96902219293904990     
   9.3100000000000005       0.97376753890362644     
   9.3200000000000003       0.97812339083603561     
   9.3300000000000001       0.98208800645358185     
   9.3399999999999999       0.98565979996287867     
   9.3499999999999996       0.98883734269414592     
   9.3599999999999994       0.99161936367265757     
   9.3700000000000010       0.99400475012711575     
   9.3800000000000008       0.99599254793474268     
   9.3900000000000006       0.99758196200291926     
   9.4000000000000004       0.99877235658721020     
   9.4100000000000001       0.99956325554565351     
   9.4199999999999999       0.99995434252921089     
   9.4299999999999997       0.99994546110830340     
   9.4399999999999995       0.99953661483538103     
   9.4500000000000011       0.99872796724350144     
   9.4600000000000009       0.99751984178092001     
   9.4700000000000006       0.99591272168171341     
   9.4800000000000004       0.99390724977249334     
   9.4900000000000002       0.99150422821528428     
   9.5000000000000000       0.98870461818666922     
   9.5099999999999998       0.98550953949333209     
   9.5199999999999996       0.98192027012414951     
   9.5299999999999994       0.97793824573901300     
   9.5400000000000009       0.97356505909458291     
   9.5500000000000007       0.96880245940721010     
   9.5600000000000005       0.96365235165326835     
   9.5700000000000003       0.95811679580719200     
   9.5800000000000001       0.95219800601751303     
   9.5899999999999999       0.94589834972123121     
   9.5999999999999996       0.93922034669687082     
   9.6099999999999994       0.93216666805660264     
   9.6200000000000010       0.92474013517783360     
   9.6300000000000008       0.91694371857469892     
   9.6400000000000006       0.90878053670988757     
   9.6500000000000004       0.90025385474730446     
   9.6600000000000001       0.89136708324604719     
   9.6699999999999999       0.88212377679622755     
   9.6799999999999997       0.87252763259718291     
   9.6899999999999995       0.86258248897864609     
   9.7000000000000011       0.85229232386546250     
   9.7100000000000009       0.84166125318648066     
   9.7200000000000006       0.83069352922822459     
   9.7300000000000004       0.81939353893404332     
   9.7400000000000002       0.80776580214938998     
   9.7500000000000000       0.79581496981394406     
   9.7599999999999998       0.78354582210129720     
   9.7699999999999996       0.77096326650694835     
   9.7799999999999994       0.75807233588536971     
   9.7900000000000009       0.74487818643693104     
   9.8000000000000007       0.73138609564549673     
   9.8100000000000005       0.71760146016748871     
   9.8200000000000003       0.70352979367330559     
   9.8300000000000001       0.68917672464192548     
   9.8399999999999999       0.67454799410958899     
   9.8499999999999996       0.65964945337346192     
   9.8599999999999994       0.64448706165119440     
   9.8700000000000010       0.62906688369730979     
   9.8800000000000008       0.61339508737739568     
   9.8900000000000006       0.59747794120102271     
   9.9000000000000004       0.58132181181443565     
   9.9100000000000001       0.56493316145397710     
   9.9199999999999999       0.54831854536127855     
   9.9299999999999997       0.53148460916125195     
   9.9399999999999995       0.51443808620392795     
   9.9500000000000011       0.49718579487120218     
   9.9600000000000009       0.47973463584958664     
   9.9700000000000006       0.46209158937000777     
   9.9800000000000004       0.44426371241581991     
   9.9900000000000002       0.42625813590010297     
